-0.165813362915
-0.165104218314
-0.164640580498
-0.164424784404
-0.164453072873
-0.164707578509
-0.165168255564
-0.165809370961
-0.166614525069
-0.167567027994
-0.164468745852
-0.165256391021
-0.166197106568
-0.167269695317
-0.168447286217
-0.169707463671
-0.171000806323
-0.172303779074
-0.17356684052
-0.174765057358
-0.175875548982
-0.176877431086
-0.17776653566
-0.178533864424
-0.179189944591
-0.179740084321
-0.180194612375
-0.180566653543
-0.180867820159
-0.181110335844
-0.181305247185
-0.181461543375
-0.181588226647
-0.181691319312
-0.181776248986
-0.181846792864
-0.181905994986
-0.181956170684
-0.181999158906
-0.182036168663
