-0.165935493638
-0.165220904645
-0.16475074803
-0.164528078707
-0.164549072961
-0.164794480394
-0.165244730837
-0.165874945118
-0.166669236566
-0.167610280569
-0.164495070154
-0.169870690731
-0.171160206099
-0.16728701069
-0.797472016633
-0.799098411306
-0.801033073622
-0.803869779104
-0.807977426293
-0.796816086539
-0.818262740891
-0.842892629532
-0.870467395692
-0.900245191862
-0.931849290102
-0.964457841347
-0.997443714794
-1.03024171851
-1.06231878536
-1.09338355353
-1.12328054458
-1.15182843433
-1.17918348171
-1.2055172994
-1.19548940648
-1.17179621907
-1.14916344015
-1.12751114923
-1.10671810324
-1.08677700004
